00591 0.9642753601074219 334.0 361.0 39.0 56.0 
00591 0.8681536316871643 325.0 363.0 48.0 53.0 
00592 1.243032693862915 313.0 385.0 55.0 75.0 
00592 0.9563922882080078 341.0 266.0 62.0 61.0 
00592 0.7281126976013184 325.0 269.0 43.0 51.0 
00558 0.7019450068473816 170.0 295.0 47.0 54.0 
00590 1.5066256523132324 149.0 361.0 47.0 65.0 
00590 1.2942413091659546 149.0 357.0 48.0 78.0 
00590 0.7705683708190918 153.0 358.0 34.0 59.0 
00586 1.1914414167404175 357.0 391.0 46.0 70.0 
00583 1.1252549886703491 419.0 368.0 56.0 62.0 
00583 0.6249724626541138 419.0 363.0 54.0 65.0 
00600 1.2335501909255981 173.0 397.0 44.0 67.0 
00600 1.0645726919174194 173.0 403.0 46.0 67.0 
00600 0.9891999363899231 407.0 207.0 47.0 64.0 
00561 0.8671016097068787 211.0 358.0 40.0 60.0 
00561 0.6611698865890503 373.0 293.0 41.0 52.0 
00560 1.1081615686416626 140.0 335.0 44.0 68.0 
00560 0.6988887190818787 137.0 327.0 36.0 63.0 
00563 0.925269365310669 145.0 336.0 47.0 64.0 
00563 0.6805815100669861 149.0 338.0 54.0 57.0 
00598 1.3038914203643799 253.0 376.0 46.0 71.0 
00598 0.7399930357933044 252.0 375.0 46.0 62.0 
00599 0.6565613150596619 139.0 266.0 57.0 69.0 
00593 1.436891794204712 178.0 207.0 51.0 72.0 
00593 0.9493715763092041 387.0 382.0 46.0 60.0 
00593 0.781744658946991 181.0 207.0 44.0 59.0 
