00571 1.0939335823059082 178.0 155.0 51.0 71.0 
00556 1.0373084545135498 308.0 301.0 55.0 58.0 
00556 1.0293246507644653 172.0 353.0 47.0 64.0 
00556 0.7547190189361572 344.0 301.0 36.0 49.0 
00559 1.020767092704773 237.0 319.0 56.0 70.0 
00592 1.1121177673339844 387.0 385.0 58.0 81.0 
00592 0.8224502205848694 141.0 382.0 54.0 66.0 
00592 0.6856733560562134 150.0 382.0 54.0 70.0 
00558 0.9202024340629578 172.0 233.0 54.0 59.0 
00590 0.9456150531768799 249.0 239.0 64.0 77.0 
00586 1.0504399538040161 414.0 275.0 60.0 63.0 
00587 0.9135990142822266 296.0 369.0 47.0 82.0 
00587 0.8908818960189819 157.0 358.0 48.0 78.0 
00587 0.8029107451438904 294.0 362.0 50.0 88.0 
00569 0.9729030728340149 206.0 270.0 56.0 78.0 
00600 0.6924604177474976 238.0 360.0 44.0 62.0 
00581 0.936097264289856 310.0 302.0 50.0 59.0 
00581 0.9083996415138245 247.0 380.0 48.0 76.0 
00560 0.9268596768379211 230.0 359.0 63.0 78.0 
00560 0.7147982716560364 213.0 354.0 55.0 87.0 
00577 0.9397591352462769 130.0 113.0 57.0 79.0 
00563 1.0097293853759766 201.0 299.0 67.0 76.0 
00595 1.1273021697998047 359.0 119.0 50.0 77.0 
00570 0.9870409369468689 209.0 322.0 40.0 71.0 
00570 0.9482166171073914 203.0 378.0 44.0 68.0 
00553 1.0217981338500977 200.0 84.0 59.0 88.0 
00565 0.7005435228347778 261.0 399.0 54.0 87.0 
00565 0.6850367784500122 262.0 404.0 55.0 81.0 
00572 0.8956915736198425 353.0 135.0 50.0 79.0 
00572 0.8249809145927429 374.0 226.0 59.0 68.0 
00572 0.7275568842887878 359.0 226.0 51.0 69.0 
00568 0.615145206451416 390.0 247.0 42.0 50.0 
00567 1.0193099975585938 315.0 212.0 73.0 86.0 
00589 0.8955797553062439 128.0 289.0 60.0 58.0 
00589 0.7820547223091125 125.0 294.0 57.0 53.0 
00576 1.0034804344177246 276.0 68.0 76.0 93.0 
00566 0.9433615207672119 163.0 98.0 55.0 89.0 
00599 1.003989577293396 390.0 384.0 49.0 59.0 
00579 1.0058698654174805 429.0 274.0 58.0 58.0 
00552 0.9981209635734558 159.0 294.0 60.0 54.0 
00552 0.6112467646598816 158.0 293.0 61.0 55.0 
00554 1.0082281827926636 195.0 178.0 58.0 77.0 
00597 0.9780580401420593 276.0 422.0 45.0 68.0 
00597 0.8844573497772217 175.0 401.0 52.0 70.0 
00597 0.8087835311889648 356.0 341.0 40.0 56.0 
00597 0.7469006776809692 175.0 402.0 54.0 66.0 
00596 0.9148948192596436 205.0 381.0 42.0 64.0 
00596 0.7588170766830444 273.0 377.0 50.0 76.0 
00596 0.7033484578132629 300.0 359.0 43.0 59.0 
00596 0.7006556987762451 238.0 386.0 45.0 71.0 
00582 1.032544493675232 356.0 143.0 58.0 76.0 
00582 1.0175291299819946 272.0 133.0 76.0 87.0 
00582 0.982033371925354 162.0 227.0 42.0 77.0 
00582 0.8992505073547363 186.0 395.0 52.0 80.0 
00582 0.6950820684432983 154.0 271.0 40.0 56.0 
00582 0.6691849231719971 164.0 218.0 48.0 64.0 
00582 0.6586492657661438 182.0 395.0 52.0 77.0 
00582 0.6183694005012512 359.0 146.0 53.0 68.0 
